Mn1 Bi1 str #: 11
1.00
  4.50055790  0.00000000  0.00000000
  2.25027880  11.69279250 -0.00000000
  2.25027890 -1.29919910  7.34938020
  3   3   6   
D
  0.12499999   0.37500001   0.37500002
  0.29166666   0.54166667   0.87500002
  0.45833333   0.70833334   0.37500002
  0.62499999   0.87500001   0.87500002
  0.79166666   0.04166667   0.37500002
  0.95833333   0.20833334   0.87500002
  0.00000000   0.00000000   0.00000000
  0.16666667   0.16666667   0.50000000
  0.33333333   0.33333333  -0.00000000
  0.50000000   0.50000000   0.50000000
  0.66666667   0.66666667  -0.00000000
  0.83333333   0.83333333   0.50000000
