Mn1 Bi1 str #: 10
1.00
  4.50055790  0.00000000  0.00000000
 -0.00000010  0.00000010  11.02407030
  0.00000010 -7.79519500  0.00000000
  3   3   6   
D
  0.50000001   0.25000001   0.49999999
  0.00000001   0.58333334   0.33333332
  0.50000001   0.91666668   0.16666666
  0.00000001   0.25000001  -0.00000001
  0.50000001   0.58333334   0.83333332
  0.00000001   0.91666668   0.66666666
  0.00000000   0.00000000   0.00000000
  0.50000000   0.33333333   0.83333333
  0.00000000   0.66666667   0.66666667
  0.50000000   0.00000000   0.50000000
  0.00000000   0.33333333   0.33333333
  0.50000000   0.66666667   0.16666667
