Mn1 Bi1 str #: 10
1.000
  4.500557900  0.000000000  0.000000000
 -0.000000100  0.000000100  11.024070300
  0.000000100 -7.795195000  0.000000000
  3   3   6   
D
  0.500000006   0.250000011   0.499999990
  0.000000006   0.583333345   0.333333324
  0.500000006   0.916666678   0.166666657
  0.000000006   0.250000011  -0.000000010
  0.500000006   0.583333345   0.833333324
  0.000000006   0.916666678   0.666666657
  0.000000000   0.000000000   0.000000000
  0.500000000   0.333333333   0.833333333
  0.000000000   0.666666667   0.666666667
  0.500000000   0.000000000   0.500000000
  0.000000000   0.333333333   0.333333333
  0.500000000   0.666666667   0.166666667
